5 0.5245949074074074 0.2692997685185185 0.06961805555555571 0.15189814814814814
5 0.3784722222222222 0.9065277777777778 0.07899305555555554 0.15217592592592588
0 0.23885995370370372 0.7358564814814814 0.027777777777777856 0.033599537037036956
4 0.2008101851851852 0.7518113425925925 0.22922453703703702 0.41571759259259267
4 0.31796875 0.8544733796296295 0.14641203703703703 0.24469907407407412
4 0.8785879629629629 0.23539930555555558 0.21649305555555537 0.3669560185185185
4 0.8823206018518519 0.13461805555555556 0.11192129629629619 0.19841435185185183
6 0.8166956018518519 0.15763310185185186 0.15827546296296297 0.27002314814814815
2 0.24907407407407406 0.3547222222222222 0.1887731481481481 0.37706018518518514
2 0.3131076388888888 0.3746759259259259 0.18640046296296298 0.39728009259259256
1 0.27060185185185187 0.44773148148148145 0.06238425925925926 0.16729166666666656