5 0.52109375 0.3021122685185185 0.046875 0.15017361111111108
5 0.4765625 0.934866898148148 0.05625 0.13026620370370381
0 0.6625 0.819849537037037 0.0203125 0.03043981481481488
4 0.69375 0.8223668981481481 0.153125 0.3552662037037038
4 0.5484375 0.8974537037037038 0.10625 0.20509259259259238
4 0.18671875 0.17644675925925926 0.1359375 0.3440972222222222
4 0.21171875 0.09065393518518519 0.0734375 0.1683449074074074
6 0.26796875 0.1286747685185185 0.1171875 0.24184027777777778
2 0.76484375 0.4564525462962964 0.10625 0.3633101851851851
2 0.696875 0.45862268518518523 0.128125 0.3906828703703704
1 0.7171875 0.5390625 0.05 0.1690393518518519