5 0.4911168981481481 0.28203125 0.04918981481481488 0.146875
5 0.4445601851851852 0.92734375 0.050694444444444466 0.1453125
0 0.27824074074074073 0.77734375 0.021354166666666608 0.028125
4 0.24389467592592595 0.79765625 0.1708333333333334 0.39375
4 0.37745949074074076 0.8828125 0.1257523148148149 0.23125
4 0.8385416666666667 0.20390625 0.15335648148148168 0.34375
4 0.8266203703703704 0.10390625 0.07413194444444429 0.1875
6 0.7653067129629629 0.13515625 0.12974537037037023 0.2546875
2 0.22890625 0.40078125 0.11643518518518521 0.359375
2 0.296412037037037 0.41328125 0.14236111111111108 0.384375
1 0.2646701388888889 0.48984375 0.04675925925925926 0.165625