5 0.5543692129629629 0.3108854166666667 0.06649305555555554 0.15270833333333336
5 0.46545138888888893 0.93390625 0.06637731481481488 0.13218749999999985
0 0.6605034722222223 0.8389583333333335 0.02459490740740744 0.03229166666666643
4 0.6904224537037037 0.8296180555555555 0.2151041666666666 0.340763888888889
4 0.5414351851851851 0.8965104166666666 0.14432870370370382 0.20697916666666671
4 0.22850115740740745 0.16770833333333332 0.1945023148148149 0.32375000000000004
4 0.26122685185185185 0.08258680555555556 0.10995370370370372 0.1468402777777778
6 0.31420717592592595 0.12315972222222223 0.15653935185185192 0.22534722222222223
2 0.7879918981481481 0.49052083333333335 0.1825231481481481 0.3793749999999999
2 0.7191550925925926 0.48512152777777773 0.18009259259259275 0.3979861111111111
1 0.7338831018518519 0.5668923611111112 0.06556712962962977 0.16982638888888885